local KeyframeSequence = Instance.new("KeyframeSequence")
KeyframeSequence.Name = "Idle"
local cf = CFrame.new

-- Duration: 2.783 seconds

-- Keyframe 1 (Time: 0.000)
local keyframe1 = Instance.new("Keyframe")
keyframe1.Time = 0.000
keyframe1.Parent = KeyframeSequence



-- HumanoidRootPart
local HumanoidRootPart_k1_HumanoidRootPart = Instance.new("Pose")
HumanoidRootPart_k1_HumanoidRootPart.Name = "HumanoidRootPart"
HumanoidRootPart_k1_HumanoidRootPart.CFrame = cf(21.037851, 3.849976, 74.149155, 0.957371, -0.000000, -0.288861, 0.000000, 1.000000, 0.000000, 0.288861, -0.000000, 0.957371)
HumanoidRootPart_k1_HumanoidRootPart.Parent = keyframe1



-- Torso
local Torso_k1_k1_HumanoidRootPart = Instance.new("Pose")
Torso_k1_k1_HumanoidRootPart.Name = "Torso"
Torso_k1_k1_HumanoidRootPart.CFrame = cf(21.037851, 3.849976, 74.149155, 0.844165, 0.003100, -0.536074, 0.003367, 0.999933, 0.011085, 0.536073, -0.011163, 0.844098)
Torso_k1_k1_HumanoidRootPart.Parent = HumanoidRootPart_k1_HumanoidRootPart



-- Head
local Head_k1_k1_HumanoidRootPart_Torso = Instance.new("Pose")
Head_k1_k1_HumanoidRootPart_Torso.Name = "Head"
Head_k1_k1_HumanoidRootPart_Torso.CFrame = cf(21.040312, 5.349898, 74.157204, 0.963255, 0.000117, -0.268589, -0.001815, 0.999980, -0.006073, 0.268583, 0.006337, 0.963236)
Head_k1_k1_HumanoidRootPart_Torso.Parent = Torso_k1_HumanoidRootPart_Torso



-- Left Arm
local Left_Arm_k1_k1_HumanoidRootPart_Torso = Instance.new("Pose")
Left_Arm_k1_k1_HumanoidRootPart_Torso.Name = "Left Arm"
Left_Arm_k1_k1_HumanoidRootPart_Torso.CFrame = cf(19.809765, 3.719854, 75.056313, 0.709484, -0.066047, -0.701620, 0.060845, 0.997622, -0.032385, 0.702090, -0.019713, 0.711816)
Left_Arm_k1_k1_HumanoidRootPart_Torso.Parent = Torso_k1_HumanoidRootPart_Torso



-- Right Arm
local Right_Arm_k1_k1_HumanoidRootPart_Torso = Instance.new("Pose")
Right_Arm_k1_k1_HumanoidRootPart_Torso.Name = "Right Arm"
Right_Arm_k1_k1_HumanoidRootPart_Torso.CFrame = cf(22.404333, 3.712974, 73.569359, 0.995998, 0.047554, -0.075677, -0.046171, 0.998735, 0.019911, 0.076528, -0.016337, 0.996934)
Right_Arm_k1_k1_HumanoidRootPart_Torso.Parent = Torso_k1_HumanoidRootPart_Torso



-- Left Leg
local Left_Leg_k1_k1_HumanoidRootPart_Torso = Instance.new("Pose")
Left_Leg_k1_k1_HumanoidRootPart_Torso.Name = "Left Leg"
Left_Leg_k1_k1_HumanoidRootPart_Torso.CFrame = cf(20.474125, 1.839372, 74.363525, 0.414975, -0.011704, -0.909758, 0.010046, 0.999915, -0.008282, 0.909778, -0.005702, 0.415057)
Left_Leg_k1_k1_HumanoidRootPart_Torso.Parent = Torso_k1_HumanoidRootPart_Torso



-- Right Leg
local Right_Leg_k1_k1_HumanoidRootPart_Torso = Instance.new("Pose")
Right_Leg_k1_k1_HumanoidRootPart_Torso.Name = "Right Leg"
Right_Leg_k1_k1_HumanoidRootPart_Torso.CFrame = cf(21.394745, 1.847387, 73.664780, 0.960979, 0.013841, -0.276276, -0.016749, 0.999826, -0.008166, 0.276115, 0.012475, 0.961044)
Right_Leg_k1_k1_HumanoidRootPart_Torso.Parent = Torso_k1_HumanoidRootPart_Torso



-- Keyframe 2 (Time: 0.100)
local keyframe2 = Instance.new("Keyframe")
keyframe2.Time = 0.100
keyframe2.Parent = KeyframeSequence



-- HumanoidRootPart
local HumanoidRootPart_k2_HumanoidRootPart = Instance.new("Pose")
HumanoidRootPart_k2_HumanoidRootPart.Name = "HumanoidRootPart"
HumanoidRootPart_k2_HumanoidRootPart.CFrame = cf(21.037851, 3.849976, 74.149155, 0.957371, -0.000000, -0.288861, 0.000000, 1.000000, 0.000000, 0.288861, -0.000000, 0.957371)
HumanoidRootPart_k2_HumanoidRootPart.Parent = keyframe2



-- Torso
local Torso_k2_k2_HumanoidRootPart = Instance.new("Pose")
Torso_k2_k2_HumanoidRootPart.Name = "Torso"
Torso_k2_k2_HumanoidRootPart.CFrame = cf(21.037851, 3.849976, 74.149155, 0.844116, 0.000000, -0.536161, 0.000000, 1.000000, 0.000000, 0.536161, -0.000000, 0.844116)
Torso_k2_k2_HumanoidRootPart.Parent = HumanoidRootPart_k2_HumanoidRootPart



-- Head
local Head_k2_k2_HumanoidRootPart_Torso = Instance.new("Pose")
Head_k2_k2_HumanoidRootPart_Torso.Name = "Head"
Head_k2_k2_HumanoidRootPart_Torso.CFrame = cf(21.036348, 5.349950, 74.144295, 0.963230, 0.000283, -0.268678, -0.003005, 0.999948, -0.009718, 0.268661, 0.010168, 0.963181)
Head_k2_k2_HumanoidRootPart_Torso.Parent = Torso_k2_HumanoidRootPart_Torso



-- Left Arm
local Left_Arm_k2_k2_HumanoidRootPart_Torso = Instance.new("Pose")
Left_Arm_k2_k2_HumanoidRootPart_Torso.Name = "Left Arm"
Left_Arm_k2_k2_HumanoidRootPart_Torso.CFrame = cf(19.809345, 3.741290, 75.054794, 0.709563, -0.068606, -0.701294, 0.059219, 0.997534, -0.037670, 0.702149, -0.014801, 0.711876)
Left_Arm_k2_k2_HumanoidRootPart_Torso.Parent = Torso_k2_HumanoidRootPart_Torso



-- Right Arm
local Right_Arm_k2_k2_HumanoidRootPart_Torso = Instance.new("Pose")
Right_Arm_k2_k2_HumanoidRootPart_Torso.Name = "Right Arm"
Right_Arm_k2_k2_HumanoidRootPart_Torso.CFrame = cf(22.403818, 3.730747, 73.567696, 0.995915, 0.048769, -0.075990, -0.047792, 0.998750, 0.014626, 0.076608, -0.010934, 0.997001)
Right_Arm_k2_k2_HumanoidRootPart_Torso.Parent = Torso_k2_HumanoidRootPart_Torso



-- Left Leg
local Left_Leg_k2_k2_HumanoidRootPart_Torso = Instance.new("Pose")
Left_Leg_k2_k2_HumanoidRootPart_Torso.Name = "Left Leg"
Left_Leg_k2_k2_HumanoidRootPart_Torso.CFrame = cf(20.475191, 1.845488, 74.370789, 0.410810, -0.009100, -0.911676, 0.010329, 0.999932, -0.005327, 0.911662, -0.007228, 0.410876)
Left_Leg_k2_k2_HumanoidRootPart_Torso.Parent = Torso_k2_HumanoidRootPart_Torso



-- Right Leg
local Right_Leg_k2_k2_HumanoidRootPart_Torso = Instance.new("Pose")
Right_Leg_k2_k2_HumanoidRootPart_Torso.Name = "Right Leg"
Right_Leg_k2_k2_HumanoidRootPart_Torso.CFrame = cf(21.395578, 1.843611, 73.670448, 0.962875, 0.012998, -0.269635, -0.015222, 0.999865, -0.006161, 0.269518, 0.010036, 0.962943)
Right_Leg_k2_k2_HumanoidRootPart_Torso.Parent = Torso_k2_HumanoidRootPart_Torso



-- Keyframe 3 (Time: 0.200)
local keyframe3 = Instance.new("Keyframe")
keyframe3.Time = 0.200
keyframe3.Parent = KeyframeSequence



-- HumanoidRootPart
local HumanoidRootPart_k3_HumanoidRootPart = Instance.new("Pose")
HumanoidRootPart_k3_HumanoidRootPart.Name = "HumanoidRootPart"
HumanoidRootPart_k3_HumanoidRootPart.CFrame = cf(21.037851, 3.849976, 74.149155, 0.957371, -0.000000, -0.288861, 0.000000, 1.000000, 0.000000, 0.288861, -0.000000, 0.957371)
HumanoidRootPart_k3_HumanoidRootPart.Parent = keyframe3



-- Torso
local Torso_k3_k3_HumanoidRootPart = Instance.new("Pose")
Torso_k3_k3_HumanoidRootPart.Name = "Torso"
Torso_k3_k3_HumanoidRootPart.CFrame = cf(21.037851, 3.849976, 74.149155, 0.844116, 0.000012, -0.536161, 0.000036, 1.000000, 0.000078, 0.536161, -0.000086, 0.844116)
Torso_k3_k3_HumanoidRootPart.Parent = HumanoidRootPart_k3_HumanoidRootPart



-- Head
local Head_k3_k3_HumanoidRootPart_Torso = Instance.new("Pose")
Head_k3_k3_HumanoidRootPart_Torso.Name = "Head"
Head_k3_k3_HumanoidRootPart_Torso.CFrame = cf(21.036385, 5.349950, 74.144371, 0.963230, 0.000282, -0.268678, -0.003004, 0.999948, -0.009718, 0.268661, 0.010168, 0.963181)
Head_k3_k3_HumanoidRootPart_Torso.Parent = Torso_k3_HumanoidRootPart_Torso



-- Left Arm
local Left_Arm_k3_k3_HumanoidRootPart_Torso = Instance.new("Pose")
Left_Arm_k3_k3_HumanoidRootPart_Torso.Name = "Left Arm"
Left_Arm_k3_k3_HumanoidRootPart_Torso.CFrame = cf(19.809366, 3.741172, 75.054825, 0.709562, -0.068586, -0.701297, 0.059201, 0.997535, -0.037659, 0.702152, -0.014796, 0.711873)
Left_Arm_k3_k3_HumanoidRootPart_Torso.Parent = Torso_k3_HumanoidRootPart_Torso



-- Right Arm
local Right_Arm_k3_k3_HumanoidRootPart_Torso = Instance.new("Pose")
Right_Arm_k3_k3_HumanoidRootPart_Torso.Name = "Right Arm"
Right_Arm_k3_k3_HumanoidRootPart_Torso.CFrame = cf(22.403828, 3.730646, 73.567726, 0.995916, 0.048760, -0.075988, -0.047783, 0.998751, 0.014622, 0.076606, -0.010931, 0.997002)
Right_Arm_k3_k3_HumanoidRootPart_Torso.Parent = Torso_k3_HumanoidRootPart_Torso



-- Left Leg
local Left_Leg_k3_k3_HumanoidRootPart_Torso = Instance.new("Pose")
Left_Leg_k3_k3_HumanoidRootPart_Torso.Name = "Left Leg"
Left_Leg_k3_k3_HumanoidRootPart_Torso.CFrame = cf(20.475126, 1.845438, 74.370750, 0.410809, -0.009151, -0.911675, 0.010356, 0.999932, -0.005370, 0.911663, -0.007235, 0.410876)
Left_Leg_k3_k3_HumanoidRootPart_Torso.Parent = Torso_k3_HumanoidRootPart_Torso



-- Right Leg
local Right_Leg_k3_k3_HumanoidRootPart_Torso = Instance.new("Pose")
Right_Leg_k3_k3_HumanoidRootPart_Torso.Name = "Right Leg"
Right_Leg_k3_k3_HumanoidRootPart_Torso.CFrame = cf(21.395554, 1.843631, 73.670410, 0.962852, 0.012997, -0.269718, -0.015222, 0.999865, -0.006160, 0.269602, 0.010037, 0.962920)
Right_Leg_k3_k3_HumanoidRootPart_Torso.Parent = Torso_k3_HumanoidRootPart_Torso



-- Keyframe 4 (Time: 0.300)
local keyframe4 = Instance.new("Keyframe")
keyframe4.Time = 0.300
keyframe4.Parent = KeyframeSequence



-- HumanoidRootPart
local HumanoidRootPart_k4_HumanoidRootPart = Instance.new("Pose")
HumanoidRootPart_k4_HumanoidRootPart.Name = "HumanoidRootPart"
HumanoidRootPart_k4_HumanoidRootPart.CFrame = cf(21.037851, 3.849976, 74.149155, 0.957371, -0.000000, -0.288861, 0.000000, 1.000000, 0.000000, 0.288861, -0.000000, 0.957371)
HumanoidRootPart_k4_HumanoidRootPart.Parent = keyframe4



-- Torso
local Torso_k4_k4_HumanoidRootPart = Instance.new("Pose")
Torso_k4_k4_HumanoidRootPart.Name = "Torso"
Torso_k4_k4_HumanoidRootPart.CFrame = cf(21.037851, 3.849976, 74.149155, 0.844116, 0.000023, -0.536161, 0.000072, 1.000000, 0.000157, 0.536161, -0.000171, 0.844116)
Torso_k4_k4_HumanoidRootPart.Parent = HumanoidRootPart_k4_HumanoidRootPart



-- Head
local Head_k4_k4_HumanoidRootPart_Torso = Instance.new("Pose")
Head_k4_k4_HumanoidRootPart_Torso.Name = "Head"
Head_k4_k4_HumanoidRootPart_Torso.CFrame = cf(21.036461, 5.349950, 74.144432, 0.963230, 0.000196, -0.268677, -0.002924, 0.999948, -0.009754, 0.268661, 0.010181, 0.963181)
Head_k4_k4_HumanoidRootPart_Torso.Parent = Torso_k4_HumanoidRootPart_Torso



-- Left Arm
local Left_Arm_k4_k4_HumanoidRootPart_Torso = Instance.new("Pose")
Left_Arm_k4_k4_HumanoidRootPart_Torso.Name = "Left Arm"
Left_Arm_k4_k4_HumanoidRootPart_Torso.CFrame = cf(19.809366, 3.741019, 75.054817, 0.709559, -0.068556, -0.701303, 0.059237, 0.997536, -0.037581, 0.702151, -0.014877, 0.711872)
Left_Arm_k4_k4_HumanoidRootPart_Torso.Parent = Torso_k4_HumanoidRootPart_Torso



-- Right Arm
local Right_Arm_k4_k4_HumanoidRootPart_Torso = Instance.new("Pose")
Right_Arm_k4_k4_HumanoidRootPart_Torso.Name = "Right Arm"
Right_Arm_k4_k4_HumanoidRootPart_Torso.CFrame = cf(22.403826, 3.730491, 73.567719, 0.995918, 0.048730, -0.075984, -0.047747, 0.998751, 0.014700, 0.076605, -0.011012, 0.997001)
Right_Arm_k4_k4_HumanoidRootPart_Torso.Parent = Torso_k4_HumanoidRootPart_Torso



-- Left Leg
local Left_Leg_k4_k4_HumanoidRootPart_Torso = Instance.new("Pose")
Left_Leg_k4_k4_HumanoidRootPart_Torso.Name = "Left Leg"
Left_Leg_k4_k4_HumanoidRootPart_Torso.CFrame = cf(20.475115, 1.845428, 74.370651, 0.410809, -0.009118, -0.911676, 0.010327, 0.999932, -0.005348, 0.911663, -0.007218, 0.410875)
Left_Leg_k4_k4_HumanoidRootPart_Torso.Parent = Torso_k4_HumanoidRootPart_Torso



-- Right Leg
local Right_Leg_k4_k4_HumanoidRootPart_Torso = Instance.new("Pose")
Right_Leg_k4_k4_HumanoidRootPart_Torso.Name = "Right Leg"
Right_Leg_k4_k4_HumanoidRootPart_Torso.CFrame = cf(21.395517, 1.843648, 73.670326, 0.962852, 0.012996, -0.269718, -0.015221, 0.999865, -0.006161, 0.269601, 0.010037, 0.962920)
Right_Leg_k4_k4_HumanoidRootPart_Torso.Parent = Torso_k4_HumanoidRootPart_Torso



-- Keyframe 5 (Time: 0.400)
local keyframe5 = Instance.new("Keyframe")
keyframe5.Time = 0.400
keyframe5.Parent = KeyframeSequence



-- HumanoidRootPart
local HumanoidRootPart_k5_HumanoidRootPart = Instance.new("Pose")
HumanoidRootPart_k5_HumanoidRootPart.Name = "HumanoidRootPart"
HumanoidRootPart_k5_HumanoidRootPart.CFrame = cf(21.037851, 3.849976, 74.149155, 0.957371, -0.000000, -0.288861, 0.000000, 1.000000, 0.000000, 0.288861, -0.000000, 0.957371)
HumanoidRootPart_k5_HumanoidRootPart.Parent = keyframe5



-- Torso
local Torso_k5_k5_HumanoidRootPart = Instance.new("Pose")
Torso_k5_k5_HumanoidRootPart.Name = "Torso"
Torso_k5_k5_HumanoidRootPart.CFrame = cf(21.037851, 3.849976, 74.149155, 0.844116, 0.000035, -0.536161, 0.000108, 1.000000, 0.000235, 0.536161, -0.000257, 0.844116)
Torso_k5_k5_HumanoidRootPart.Parent = HumanoidRootPart_k5_HumanoidRootPart



-- Head
local Head_k5_k5_HumanoidRootPart_Torso = Instance.new("Pose")
Head_k5_k5_HumanoidRootPart_Torso.Name = "Head"
Head_k5_k5_HumanoidRootPart_Torso.CFrame = cf(21.036514, 5.349950, 74.144554, 0.963230, 0.000182, -0.268677, -0.002888, 0.999949, -0.009675, 0.268662, 0.010095, 0.963182)
Head_k5_k5_HumanoidRootPart_Torso.Parent = Torso_k5_HumanoidRootPart_Torso



-- Left Arm
local Left_Arm_k5_k5_HumanoidRootPart_Torso = Instance.new("Pose")
Left_Arm_k5_k5_HumanoidRootPart_Torso.Name = "Left Arm"
Left_Arm_k5_k5_HumanoidRootPart_Torso.CFrame = cf(19.809357, 3.740885, 75.054871, 0.709553, -0.068622, -0.701302, 0.059286, 0.997532, -0.037624, 0.702153, -0.014882, 0.711870)
Left_Arm_k5_k5_HumanoidRootPart_Torso.Parent = Torso_k5_HumanoidRootPart_Torso



-- Right Arm
local Right_Arm_k5_k5_HumanoidRootPart_Torso = Instance.new("Pose")
Right_Arm_k5_k5_HumanoidRootPart_Torso.Name = "Right Arm"
Right_Arm_k5_k5_HumanoidRootPart_Torso.CFrame = cf(22.403835, 3.730309, 73.567749, 0.995918, 0.048721, -0.075982, -0.047738, 0.998752, 0.014697, 0.076603, -0.011010, 0.997001)
Right_Arm_k5_k5_HumanoidRootPart_Torso.Parent = Torso_k5_HumanoidRootPart_Torso



-- Left Leg
local Left_Leg_k5_k5_HumanoidRootPart_Torso = Instance.new("Pose")
Left_Leg_k5_k5_HumanoidRootPart_Torso.Name = "Left Leg"
Left_Leg_k5_k5_HumanoidRootPart_Torso.CFrame = cf(20.475098, 1.845382, 74.370636, 0.410890, -0.009169, -0.911639, 0.010354, 0.999932, -0.005391, 0.911626, -0.007224, 0.410957)
Left_Leg_k5_k5_HumanoidRootPart_Torso.Parent = Torso_k5_HumanoidRootPart_Torso



-- Right Leg
local Right_Leg_k5_k5_HumanoidRootPart_Torso = Instance.new("Pose")
Right_Leg_k5_k5_HumanoidRootPart_Torso.Name = "Right Leg"
Right_Leg_k5_k5_HumanoidRootPart_Torso.CFrame = cf(21.395527, 1.843663, 73.670372, 0.962828, 0.013007, -0.269802, -0.015256, 0.999864, -0.006239, 0.269684, 0.010123, 0.962896)
Right_Leg_k5_k5_HumanoidRootPart_Torso.Parent = Torso_k5_HumanoidRootPart_Torso



-- Keyframe 6 (Time: 0.500)
local keyframe6 = Instance.new("Keyframe")
keyframe6.Time = 0.500
keyframe6.Parent = KeyframeSequence



-- HumanoidRootPart
local HumanoidRootPart_k6_HumanoidRootPart = Instance.new("Pose")
HumanoidRootPart_k6_HumanoidRootPart.Name = "HumanoidRootPart"
HumanoidRootPart_k6_HumanoidRootPart.CFrame = cf(21.037851, 3.849976, 74.149155, 0.957371, -0.000000, -0.288861, 0.000000, 1.000000, 0.000000, 0.288861, -0.000000, 0.957371)
HumanoidRootPart_k6_HumanoidRootPart.Parent = keyframe6



-- Torso
local Torso_k6_k6_HumanoidRootPart = Instance.new("Pose")
Torso_k6_k6_HumanoidRootPart.Name = "Torso"
Torso_k6_k6_HumanoidRootPart.CFrame = cf(21.037851, 3.849976, 74.149155, 0.844116, 0.000059, -0.536161, 0.000180, 1.000000, 0.000392, 0.536161, -0.000428, 0.844116)
Torso_k6_k6_HumanoidRootPart.Parent = HumanoidRootPart_k6_HumanoidRootPart



-- Head
local Head_k6_k6_HumanoidRootPart_Torso = Instance.new("Pose")
Head_k6_k6_HumanoidRootPart_Torso.Name = "Head"
Head_k6_k6_HumanoidRootPart_Torso.CFrame = cf(21.036606, 5.349951, 74.144745, 0.963230, 0.000168, -0.268677, -0.002851, 0.999950, -0.009597, 0.268662, 0.010010, 0.963183)
Head_k6_k6_HumanoidRootPart_Torso.Parent = Torso_k6_HumanoidRootPart_Torso



-- Left Arm
local Left_Arm_k6_k6_HumanoidRootPart_Torso = Instance.new("Pose")
Left_Arm_k6_k6_HumanoidRootPart_Torso.Name = "Left Arm"
Left_Arm_k6_k6_HumanoidRootPart_Torso.CFrame = cf(19.809351, 3.740637, 75.054855, 0.709549, -0.068563, -0.701313, 0.059358, 0.997533, -0.037467, 0.702152, -0.015044, 0.711868)
Left_Arm_k6_k6_HumanoidRootPart_Torso.Parent = Torso_k6_HumanoidRootPart_Torso



-- Right Arm
local Right_Arm_k6_k6_HumanoidRootPart_Torso = Instance.new("Pose")
Right_Arm_k6_k6_HumanoidRootPart_Torso.Name = "Right Arm"
Right_Arm_k6_k6_HumanoidRootPart_Torso.CFrame = cf(22.403843, 3.730079, 73.567772, 0.995921, 0.048682, -0.075976, -0.047694, 0.998753, 0.014772, 0.076600, -0.011088, 0.997000)
Right_Arm_k6_k6_HumanoidRootPart_Torso.Parent = Torso_k6_HumanoidRootPart_Torso



-- Left Leg
local Left_Leg_k6_k6_HumanoidRootPart_Torso = Instance.new("Pose")
Left_Leg_k6_k6_HumanoidRootPart_Torso.Name = "Left Leg"
Left_Leg_k6_k6_HumanoidRootPart_Torso.CFrame = cf(20.474998, 1.845335, 74.370461, 0.410971, -0.009164, -0.911602, 0.010418, 0.999931, -0.005355, 0.911589, -0.007296, 0.411039)
Left_Leg_k6_k6_HumanoidRootPart_Torso.Parent = Torso_k6_HumanoidRootPart_Torso



-- Right Leg
local Right_Leg_k6_k6_HumanoidRootPart_Torso = Instance.new("Pose")
Right_Leg_k6_k6_HumanoidRootPart_Torso.Name = "Right Leg"
Right_Leg_k6_k6_HumanoidRootPart_Torso.CFrame = cf(21.395466, 1.843704, 73.670258, 0.962805, 0.013005, -0.269885, -0.015254, 0.999864, -0.006239, 0.269767, 0.010124, 0.962873)
Right_Leg_k6_k6_HumanoidRootPart_Torso.Parent = Torso_k6_HumanoidRootPart_Torso



-- Keyframe 7 (Time: 0.600)
local keyframe7 = Instance.new("Keyframe")
keyframe7.Time = 0.600
keyframe7.Parent = KeyframeSequence



-- HumanoidRootPart
local HumanoidRootPart_k7_HumanoidRootPart = Instance.new("Pose")
HumanoidRootPart_k7_HumanoidRootPart.Name = "HumanoidRootPart"
HumanoidRootPart_k7_HumanoidRootPart.CFrame = cf(21.037851, 3.849976, 74.149155, 0.957371, -0.000000, -0.288861, 0.000000, 1.000000, 0.000000, 0.288861, -0.000000, 0.957371)
HumanoidRootPart_k7_HumanoidRootPart.Parent = keyframe7



-- Torso
local Torso_k7_k7_HumanoidRootPart = Instance.new("Pose")
Torso_k7_k7_HumanoidRootPart.Name = "Torso"
Torso_k7_k7_HumanoidRootPart.CFrame = cf(21.037851, 3.849976, 74.149155, 0.844116, 0.000070, -0.536161, 0.000216, 1.000000, 0.000471, 0.536161, -0.000513, 0.844116)
Torso_k7_k7_HumanoidRootPart.Parent = HumanoidRootPart_k7_HumanoidRootPart



-- Head
local Head_k7_k7_HumanoidRootPart_Torso = Instance.new("Pose")
Head_k7_k7_HumanoidRootPart_Torso.Name = "Head"
Head_k7_k7_HumanoidRootPart_Torso.CFrame = cf(21.036625, 5.349950, 74.144791, 0.963230, 0.000180, -0.268677, -0.002886, 0.999949, -0.009676, 0.268662, 0.010096, 0.963182)
Head_k7_k7_HumanoidRootPart_Torso.Parent = Torso_k7_HumanoidRootPart_Torso



-- Left Arm
local Left_Arm_k7_k7_HumanoidRootPart_Torso = Instance.new("Pose")
Left_Arm_k7_k7_HumanoidRootPart_Torso.Name = "Left Arm"
Left_Arm_k7_k7_HumanoidRootPart_Torso.CFrame = cf(19.809376, 3.740389, 75.054886, 0.709548, -0.068542, -0.701316, 0.059340, 0.997535, -0.037456, 0.702154, -0.015039, 0.711866)
Left_Arm_k7_k7_HumanoidRootPart_Torso.Parent = Torso_k7_HumanoidRootPart_Torso



-- Right Arm
local Right_Arm_k7_k7_HumanoidRootPart_Torso = Instance.new("Pose")
Right_Arm_k7_k7_HumanoidRootPart_Torso.Name = "Right Arm"
Right_Arm_k7_k7_HumanoidRootPart_Torso.CFrame = cf(22.403854, 3.729816, 73.567810, 0.995921, 0.048673, -0.075974, -0.047685, 0.998753, 0.014768, 0.076598, -0.011085, 0.997000)
Right_Arm_k7_k7_HumanoidRootPart_Torso.Parent = Torso_k7_HumanoidRootPart_Torso



-- Left Leg
local Left_Leg_k7_k7_HumanoidRootPart_Torso = Instance.new("Pose")
Left_Leg_k7_k7_HumanoidRootPart_Torso.Name = "Left Leg"
Left_Leg_k7_k7_HumanoidRootPart_Torso.CFrame = cf(20.475004, 1.845267, 74.370483, 0.410970, -0.009239, -0.911602, 0.010380, 0.999931, -0.005455, 0.911590, -0.007220, 0.411038)
Left_Leg_k7_k7_HumanoidRootPart_Torso.Parent = Torso_k7_HumanoidRootPart_Torso



-- Right Leg
local Right_Leg_k7_k7_HumanoidRootPart_Torso = Instance.new("Pose")
Right_Leg_k7_k7_HumanoidRootPart_Torso.Name = "Right Leg"
Right_Leg_k7_k7_HumanoidRootPart_Torso.CFrame = cf(21.395477, 1.843716, 73.670296, 0.962781, 0.013016, -0.269968, -0.015289, 0.999863, -0.006318, 0.269849, 0.010210, 0.962848)
Right_Leg_k7_k7_HumanoidRootPart_Torso.Parent = Torso_k7_HumanoidRootPart_Torso



-- Keyframe 8 (Time: 0.700)
local keyframe8 = Instance.new("Keyframe")
keyframe8.Time = 0.700
keyframe8.Parent = KeyframeSequence



-- HumanoidRootPart
local HumanoidRootPart_k8_HumanoidRootPart = Instance.new("Pose")
HumanoidRootPart_k8_HumanoidRootPart.Name = "HumanoidRootPart"
HumanoidRootPart_k8_HumanoidRootPart.CFrame = cf(21.037851, 3.849976, 74.149155, 0.957371, -0.000000, -0.288861, 0.000000, 1.000000, 0.000000, 0.288861, -0.000000, 0.957371)
HumanoidRootPart_k8_HumanoidRootPart.Parent = keyframe8



-- Torso
local Torso_k8_k8_HumanoidRootPart = Instance.new("Pose")
Torso_k8_k8_HumanoidRootPart.Name = "Torso"
Torso_k8_k8_HumanoidRootPart.CFrame = cf(21.037851, 3.849976, 74.149155, 0.844116, 0.000179, -0.536161, 0.000209, 1.000000, 0.000664, 0.536161, -0.000672, 0.844115)
Torso_k8_k8_HumanoidRootPart.Parent = HumanoidRootPart_k8_HumanoidRootPart



-- Head
local Head_k8_k8_HumanoidRootPart_Torso = Instance.new("Pose")
Head_k8_k8_HumanoidRootPart_Torso.Name = "Head"
Head_k8_k8_HumanoidRootPart_Torso.CFrame = cf(21.036596, 5.349950, 74.145035, 0.963230, 0.000251, -0.268677, -0.002927, 0.999950, -0.009562, 0.268661, 0.009997, 0.963183)
Head_k8_k8_HumanoidRootPart_Torso.Parent = Torso_k8_HumanoidRootPart_Torso



-- Left Arm
local Left_Arm_k8_k8_HumanoidRootPart_Torso = Instance.new("Pose")
Left_Arm_k8_k8_HumanoidRootPart_Torso.Name = "Left Arm"
Left_Arm_k8_k8_HumanoidRootPart_Torso.CFrame = cf(19.809370, 3.739999, 75.054924, 0.709545, -0.068497, -0.701324, 0.059347, 0.997537, -0.037385, 0.702157, -0.015095, 0.711862)
Left_Arm_k8_k8_HumanoidRootPart_Torso.Parent = Torso_k8_HumanoidRootPart_Torso



-- Right Arm
local Right_Arm_k8_k8_HumanoidRootPart_Torso = Instance.new("Pose")
Right_Arm_k8_k8_HumanoidRootPart_Torso.Name = "Right Arm"
Right_Arm_k8_k8_HumanoidRootPart_Torso.CFrame = cf(22.403866, 3.729645, 73.567833, 0.995920, 0.048716, -0.075966, -0.047719, 0.998750, 0.014879, 0.076596, -0.011193, 0.996999)
Right_Arm_k8_k8_HumanoidRootPart_Torso.Parent = Torso_k8_HumanoidRootPart_Torso



-- Left Leg
local Left_Leg_k8_k8_HumanoidRootPart_Torso = Instance.new("Pose")
Left_Leg_k8_k8_HumanoidRootPart_Torso.Name = "Left Leg"
Left_Leg_k8_k8_HumanoidRootPart_Torso.CFrame = cf(20.475075, 1.845119, 74.370354, 0.411051, -0.009276, -0.911565, 0.010356, 0.999931, -0.005505, 0.911553, -0.007177, 0.411119)
Left_Leg_k8_k8_HumanoidRootPart_Torso.Parent = Torso_k8_HumanoidRootPart_Torso



-- Right Leg
local Right_Leg_k8_k8_HumanoidRootPart_Torso = Instance.new("Pose")
Right_Leg_k8_k8_HumanoidRootPart_Torso.Name = "Right Leg"
Right_Leg_k8_k8_HumanoidRootPart_Torso.CFrame = cf(21.395493, 1.843845, 73.670143, 0.962758, 0.013014, -0.270051, -0.015288, 0.999863, -0.006317, 0.269932, 0.010210, 0.962825)
Right_Leg_k8_k8_HumanoidRootPart_Torso.Parent = Torso_k8_HumanoidRootPart_Torso



-- Keyframe 9 (Time: 0.800)
local keyframe9 = Instance.new("Keyframe")
keyframe9.Time = 0.800
keyframe9.Parent = KeyframeSequence



-- HumanoidRootPart
local HumanoidRootPart_k9_HumanoidRootPart = Instance.new("Pose")
HumanoidRootPart_k9_HumanoidRootPart.Name = "HumanoidRootPart"
HumanoidRootPart_k9_HumanoidRootPart.CFrame = cf(21.037851, 3.849976, 74.149155, 0.957371, -0.000000, -0.288861, 0.000000, 1.000000, 0.000000, 0.288861, -0.000000, 0.957371)
HumanoidRootPart_k9_HumanoidRootPart.Parent = keyframe9



-- Torso
local Torso_k9_k9_HumanoidRootPart = Instance.new("Pose")
Torso_k9_k9_HumanoidRootPart.Name = "Torso"
Torso_k9_k9_HumanoidRootPart.CFrame = cf(21.037851, 3.849976, 74.149155, 0.844116, 0.000215, -0.536161, 0.000317, 1.000000, 0.000899, 0.536161, -0.000929, 0.844115)
Torso_k9_k9_HumanoidRootPart.Parent = HumanoidRootPart_k9_HumanoidRootPart



-- Head
local Head_k9_k9_HumanoidRootPart_Torso = Instance.new("Pose")
Head_k9_k9_HumanoidRootPart_Torso.Name = "Head"
Head_k9_k9_HumanoidRootPart_Torso.CFrame = cf(21.036741, 5.349951, 74.145348, 0.963230, 0.000223, -0.268677, -0.002855, 0.999952, -0.009406, 0.268662, 0.009827, 0.963184)
Head_k9_k9_HumanoidRootPart_Torso.Parent = Torso_k9_HumanoidRootPart_Torso



-- Left Arm
local Left_Arm_k9_k9_HumanoidRootPart_Torso = Instance.new("Pose")
Left_Arm_k9_k9_HumanoidRootPart_Torso.Name = "Left Arm"
Left_Arm_k9_k9_HumanoidRootPart_Torso.CFrame = cf(19.809387, 3.739639, 75.054939, 0.709539, -0.068418, -0.701337, 0.059401, 0.997540, -0.037218, 0.702158, -0.015253, 0.711857)
Left_Arm_k9_k9_HumanoidRootPart_Torso.Parent = Torso_k9_HumanoidRootPart_Torso



-- Right Arm
local Right_Arm_k9_k9_HumanoidRootPart_Torso = Instance.new("Pose")
Right_Arm_k9_k9_HumanoidRootPart_Torso.Name = "Right Arm"
Right_Arm_k9_k9_HumanoidRootPart_Torso.CFrame = cf(22.403870, 3.729309, 73.567848, 0.995924, 0.048647, -0.075957, -0.047639, 0.998752, 0.015032, 0.076593, -0.011353, 0.996998)
Right_Arm_k9_k9_HumanoidRootPart_Torso.Parent = Torso_k9_HumanoidRootPart_Torso



-- Left Leg
local Left_Leg_k9_k9_HumanoidRootPart_Torso = Instance.new("Pose")
Left_Leg_k9_k9_HumanoidRootPart_Torso.Name = "Left Leg"
Left_Leg_k9_k9_HumanoidRootPart_Torso.CFrame = cf(20.475039, 1.845049, 74.370140, 0.411132, -0.009263, -0.911529, 0.010325, 0.999932, -0.005504, 0.911517, -0.007149, 0.411200)
Left_Leg_k9_k9_HumanoidRootPart_Torso.Parent = Torso_k9_HumanoidRootPart_Torso



-- Right Leg
local Right_Leg_k9_k9_HumanoidRootPart_Torso = Instance.new("Pose")
Right_Leg_k9_k9_HumanoidRootPart_Torso.Name = "Right Leg"
Right_Leg_k9_k9_HumanoidRootPart_Torso.CFrame = cf(21.395407, 1.843901, 73.669991, 0.962711, 0.013011, -0.270217, -0.015286, 0.999863, -0.006317, 0.270098, 0.010212, 0.962779)
Right_Leg_k9_k9_HumanoidRootPart_Torso.Parent = Torso_k9_HumanoidRootPart_Torso



-- Keyframe 10 (Time: 0.900)
local keyframe10 = Instance.new("Keyframe")
keyframe10.Time = 0.900
keyframe10.Parent = KeyframeSequence



-- HumanoidRootPart
local HumanoidRootPart_k10_HumanoidRootPart = Instance.new("Pose")
HumanoidRootPart_k10_HumanoidRootPart.Name = "HumanoidRootPart"
HumanoidRootPart_k10_HumanoidRootPart.CFrame = cf(21.037851, 3.849976, 74.149155, 0.957371, -0.000000, -0.288861, 0.000000, 1.000000, 0.000000, 0.288861, -0.000000, 0.957371)
HumanoidRootPart_k10_HumanoidRootPart.Parent = keyframe10



-- Torso
local Torso_k10_k10_HumanoidRootPart = Instance.new("Pose")
Torso_k10_k10_HumanoidRootPart.Name = "Torso"
Torso_k10_k10_HumanoidRootPart.CFrame = cf(21.037851, 3.849976, 74.149155, 0.844116, 0.000238, -0.536161, 0.000389, 0.999999, 0.001056, 0.536161, -0.001100, 0.844115)
Torso_k10_k10_HumanoidRootPart.Parent = HumanoidRootPart_k10_HumanoidRootPart



-- Head
local Head_k10_k10_HumanoidRootPart_Torso = Instance.new("Pose")
Head_k10_k10_HumanoidRootPart_Torso.Name = "Head"
Head_k10_k10_HumanoidRootPart_Torso.CFrame = cf(21.036854, 5.349951, 74.145493, 0.963230, 0.000135, -0.268677, -0.002774, 0.999952, -0.009441, 0.268662, 0.009840, 0.963184)
Head_k10_k10_HumanoidRootPart_Torso.Parent = Torso_k10_HumanoidRootPart_Torso



-- Left Arm
local Left_Arm_k10_k10_HumanoidRootPart_Torso = Instance.new("Pose")
Left_Arm_k10_k10_HumanoidRootPart_Torso.Name = "Left Arm"
Left_Arm_k10_k10_HumanoidRootPart_Torso.CFrame = cf(19.809378, 3.739326, 75.054985, 0.709530, -0.068454, -0.701342, 0.059487, 0.997536, -0.037182, 0.702160, -0.015339, 0.711854)
Left_Arm_k10_k10_HumanoidRootPart_Torso.Parent = Torso_k10_HumanoidRootPart_Torso



-- Right Arm
local Right_Arm_k10_k10_HumanoidRootPart_Torso = Instance.new("Pose")
Right_Arm_k10_k10_HumanoidRootPart_Torso.Name = "Right Arm"
Right_Arm_k10_k10_HumanoidRootPart_Torso.CFrame = cf(22.403875, 3.728939, 73.567879, 0.995926, 0.048608, -0.075951, -0.047594, 0.998752, 0.015107, 0.076591, -0.011431, 0.996997)
Right_Arm_k10_k10_HumanoidRootPart_Torso.Parent = Torso_k10_HumanoidRootPart_Torso



-- Left Leg
local Left_Leg_k10_k10_HumanoidRootPart_Torso = Instance.new("Pose")
Left_Leg_k10_k10_HumanoidRootPart_Torso.Name = "Left Leg"
Left_Leg_k10_k10_HumanoidRootPart_Torso.CFrame = cf(20.474951, 1.844943, 74.370087, 0.411213, -0.009364, -0.911491, 0.010380, 0.999931, -0.005590, 0.911480, -0.007162, 0.411281)
Left_Leg_k10_k10_HumanoidRootPart_Torso.Parent = Torso_k10_HumanoidRootPart_Torso



-- Right Leg
local Right_Leg_k10_k10_HumanoidRootPart_Torso = Instance.new("Pose")
Right_Leg_k10_k10_HumanoidRootPart_Torso.Name = "Right Leg"
Right_Leg_k10_k10_HumanoidRootPart_Torso.CFrame = cf(21.395380, 1.843935, 73.669960, 0.962688, 0.013021, -0.270301, -0.015320, 0.999862, -0.006396, 0.270180, 0.010298, 0.962755)
Right_Leg_k10_k10_HumanoidRootPart_Torso.Parent = Torso_k10_HumanoidRootPart_Torso



-- Keyframe 11 (Time: 1.000)
local keyframe11 = Instance.new("Keyframe")
keyframe11.Time = 1.000
keyframe11.Parent = KeyframeSequence



-- HumanoidRootPart
local HumanoidRootPart_k11_HumanoidRootPart = Instance.new("Pose")
HumanoidRootPart_k11_HumanoidRootPart.Name = "HumanoidRootPart"
HumanoidRootPart_k11_HumanoidRootPart.CFrame = cf(21.037851, 3.849976, 74.149155, 0.957371, -0.000000, -0.288861, 0.000000, 1.000000, 0.000000, 0.288861, -0.000000, 0.957371)
HumanoidRootPart_k11_HumanoidRootPart.Parent = keyframe11



-- Torso
local Torso_k11_k11_HumanoidRootPart = Instance.new("Pose")
Torso_k11_k11_HumanoidRootPart.Name = "Torso"
Torso_k11_k11_HumanoidRootPart.CFrame = cf(21.037851, 3.849976, 74.149155, 0.844116, 0.000359, -0.536161, 0.000418, 0.999999, 0.001328, 0.536161, -0.001345, 0.844115)
Torso_k11_k11_HumanoidRootPart.Parent = HumanoidRootPart_k11_HumanoidRootPart



-- Head
local Head_k11_k11_HumanoidRootPart_Torso = Instance.new("Pose")
Head_k11_k11_HumanoidRootPart_Torso.Name = "Head"
Head_k11_k11_HumanoidRootPart_Torso.CFrame = cf(21.036861, 5.349951, 74.145821, 0.963230, 0.000205, -0.268677, -0.002815, 0.999953, -0.009328, 0.268662, 0.009741, 0.963185)
Head_k11_k11_HumanoidRootPart_Torso.Parent = Torso_k11_HumanoidRootPart_Torso



-- Left Arm
local Left_Arm_k11_k11_HumanoidRootPart_Torso = Instance.new("Pose")
Left_Arm_k11_k11_HumanoidRootPart_Torso.Name = "Left Arm"
Left_Arm_k11_k11_HumanoidRootPart_Torso.CFrame = cf(19.809425, 3.738783, 75.055023, 0.709531, -0.068302, -0.701356, 0.059408, 0.997546, -0.037046, 0.702165, -0.015381, 0.711848)
Left_Arm_k11_k11_HumanoidRootPart_Torso.Parent = Torso_k11_HumanoidRootPart_Torso



-- Right Arm
local Right_Arm_k11_k11_HumanoidRootPart_Torso = Instance.new("Pose")
Right_Arm_k11_k11_HumanoidRootPart_Torso.Name = "Right Arm"
Right_Arm_k11_k11_HumanoidRootPart_Torso.CFrame = cf(22.403883, 3.728661, 73.567886, 0.995926, 0.048620, -0.075940, -0.047592, 0.998750, 0.015296, 0.076588, -0.011620, 0.996995)
Right_Arm_k11_k11_HumanoidRootPart_Torso.Parent = Torso_k11_HumanoidRootPart_Torso



-- Left Leg
local Left_Leg_k11_k11_HumanoidRootPart_Torso = Instance.new("Pose")
Left_Leg_k11_k11_HumanoidRootPart_Torso.Name = "Left Leg"
Left_Leg_k11_k11_HumanoidRootPart_Torso.CFrame = cf(20.475012, 1.844781, 74.369865, 0.411293, -0.009369, -0.911455, 0.010327, 0.999931, -0.005618, 0.911444, -0.007102, 0.411362)
Left_Leg_k11_k11_HumanoidRootPart_Torso.Parent = Torso_k11_HumanoidRootPart_Torso



-- Right Leg
local Right_Leg_k11_k11_HumanoidRootPart_Torso = Instance.new("Pose")
Right_Leg_k11_k11_HumanoidRootPart_Torso.Name = "Right Leg"
Right_Leg_k11_k11_HumanoidRootPart_Torso.CFrame = cf(21.395452, 1.844039, 73.669731, 0.962640, 0.013103, -0.270467, -0.015397, 0.999861, -0.006359, 0.270346, 0.010286, 0.962708)
Right_Leg_k11_k11_HumanoidRootPart_Torso.Parent = Torso_k11_HumanoidRootPart_Torso



-- Keyframe 12 (Time: 1.100)
local keyframe12 = Instance.new("Keyframe")
keyframe12.Time = 1.100
keyframe12.Parent = KeyframeSequence



-- HumanoidRootPart
local HumanoidRootPart_k12_HumanoidRootPart = Instance.new("Pose")
HumanoidRootPart_k12_HumanoidRootPart.Name = "HumanoidRootPart"
HumanoidRootPart_k12_HumanoidRootPart.CFrame = cf(21.037851, 3.849976, 74.149155, 0.957371, -0.000000, -0.288861, 0.000000, 1.000000, 0.000000, 0.288861, -0.000000, 0.957371)
HumanoidRootPart_k12_HumanoidRootPart.Parent = keyframe12



-- Torso
local Torso_k12_k12_HumanoidRootPart = Instance.new("Pose")
Torso_k12_k12_HumanoidRootPart.Name = "Torso"
Torso_k12_k12_HumanoidRootPart.CFrame = cf(21.037851, 3.849976, 74.149155, 0.844116, 0.000394, -0.536161, 0.000526, 0.999999, 0.001563, 0.536161, -0.001601, 0.844114)
Torso_k12_k12_HumanoidRootPart.Parent = HumanoidRootPart_k12_HumanoidRootPart



-- Head
local Head_k12_k12_HumanoidRootPart_Torso = Instance.new("Pose")
Head_k12_k12_HumanoidRootPart_Torso.Name = "Head"
Head_k12_k12_HumanoidRootPart_Torso.CFrame = cf(21.036989, 5.349951, 74.146095, 0.963230, 0.000190, -0.268677, -0.002777, 0.999953, -0.009250, 0.268662, 0.009656, 0.963186)
Head_k12_k12_HumanoidRootPart_Torso.Parent = Torso_k12_HumanoidRootPart_Torso



-- Left Arm
local Left_Arm_k12_k12_HumanoidRootPart_Torso = Instance.new("Pose")
Left_Arm_k12_k12_HumanoidRootPart_Torso.Name = "Left Arm"
Left_Arm_k12_k12_HumanoidRootPart_Torso.CFrame = cf(19.809412, 3.738390, 75.055061, 0.709521, -0.068309, -0.701366, 0.059530, 0.997543, -0.036933, 0.702166, -0.015547, 0.711844)
Left_Arm_k12_k12_HumanoidRootPart_Torso.Parent = Torso_k12_HumanoidRootPart_Torso



-- Right Arm
local Right_Arm_k12_k12_HumanoidRootPart_Torso = Instance.new("Pose")
Right_Arm_k12_k12_HumanoidRootPart_Torso.Name = "Right Arm"
Right_Arm_k12_k12_HumanoidRootPart_Torso.CFrame = cf(22.403902, 3.728239, 73.567947, 0.995929, 0.048573, -0.075932, -0.047539, 0.998751, 0.015368, 0.076583, -0.011696, 0.996994)
Right_Arm_k12_k12_HumanoidRootPart_Torso.Parent = Torso_k12_HumanoidRootPart_Torso



-- Left Leg
local Left_Leg_k12_k12_HumanoidRootPart_Torso = Instance.new("Pose")
Left_Leg_k12_k12_HumanoidRootPart_Torso.Name = "Left Leg"
Left_Leg_k12_k12_HumanoidRootPart_Torso.CFrame = cf(20.474922, 1.844670, 74.369705, 0.411373, -0.009439, -0.911418, 0.010352, 0.999930, -0.005683, 0.911408, -0.007098, 0.411442)
Left_Leg_k12_k12_HumanoidRootPart_Torso.Parent = Torso_k12_HumanoidRootPart_Torso



-- Right Leg
local Right_Leg_k12_k12_HumanoidRootPart_Torso = Instance.new("Pose")
Right_Leg_k12_k12_HumanoidRootPart_Torso.Name = "Right Leg"
Right_Leg_k12_k12_HumanoidRootPart_Torso.CFrame = cf(21.395390, 1.844093, 73.669617, 0.962617, 0.013113, -0.270549, -0.015430, 0.999860, -0.006438, 0.270427, 0.010372, 0.962685)
Right_Leg_k12_k12_HumanoidRootPart_Torso.Parent = Torso_k12_HumanoidRootPart_Torso



-- Keyframe 13 (Time: 1.200)
local keyframe13 = Instance.new("Keyframe")
keyframe13.Time = 1.200
keyframe13.Parent = KeyframeSequence



-- HumanoidRootPart
local HumanoidRootPart_k13_HumanoidRootPart = Instance.new("Pose")
HumanoidRootPart_k13_HumanoidRootPart.Name = "HumanoidRootPart"
HumanoidRootPart_k13_HumanoidRootPart.CFrame = cf(21.037851, 3.849976, 74.149155, 0.957371, -0.000000, -0.288861, 0.000000, 1.000000, 0.000000, 0.288861, -0.000000, 0.957371)
HumanoidRootPart_k13_HumanoidRootPart.Parent = keyframe13



-- Torso
local Torso_k13_k13_HumanoidRootPart = Instance.new("Pose")
Torso_k13_k13_HumanoidRootPart.Name = "Torso"
Torso_k13_k13_HumanoidRootPart.CFrame = cf(21.037851, 3.849976, 74.149155, 0.844116, 0.000515, -0.536161, 0.000555, 0.999998, 0.001834, 0.536161, -0.001846, 0.844114)
Torso_k13_k13_HumanoidRootPart.Parent = HumanoidRootPart_k13_HumanoidRootPart



-- Head
local Head_k13_k13_HumanoidRootPart_Torso = Instance.new("Pose")
Head_k13_k13_HumanoidRootPart_Torso.Name = "Head"
Head_k13_k13_HumanoidRootPart_Torso.CFrame = cf(21.036997, 5.349951, 74.146423, 0.963230, 0.000260, -0.268676, -0.002818, 0.999954, -0.009136, 0.268662, 0.009558, 0.963187)
Head_k13_k13_HumanoidRootPart_Torso.Parent = Torso_k13_HumanoidRootPart_Torso



-- Left Arm
local Left_Arm_k13_k13_HumanoidRootPart_Torso = Instance.new("Pose")
Left_Arm_k13_k13_HumanoidRootPart_Torso.Name = "Left Arm"
Left_Arm_k13_k13_HumanoidRootPart_Torso.CFrame = cf(19.809464, 3.737800, 75.055099, 0.709522, -0.068158, -0.701380, 0.059451, 0.997553, -0.036797, 0.702171, -0.015590, 0.711837)
Left_Arm_k13_k13_HumanoidRootPart_Torso.Parent = Torso_k13_HumanoidRootPart_Torso



-- Right Arm
local Right_Arm_k13_k13_HumanoidRootPart_Torso = Instance.new("Pose")
Right_Arm_k13_k13_HumanoidRootPart_Torso.Name = "Right Arm"
Right_Arm_k13_k13_HumanoidRootPart_Torso.CFrame = cf(22.403927, 3.727917, 73.568001, 0.995928, 0.048606, -0.075922, -0.047564, 0.998748, 0.015475, 0.076579, -0.011801, 0.996994)
Right_Arm_k13_k13_HumanoidRootPart_Torso.Parent = Torso_k13_HumanoidRootPart_Torso



-- Left Leg
local Left_Leg_k13_k13_HumanoidRootPart_Torso = Instance.new("Pose")
Left_Leg_k13_k13_HumanoidRootPart_Torso.Name = "Left Leg"
Left_Leg_k13_k13_HumanoidRootPart_Torso.CFrame = cf(20.474985, 1.844508, 74.369484, 0.411454, -0.009443, -0.911382, 0.010300, 0.999931, -0.005711, 0.911372, -0.007037, 0.411523)
Left_Leg_k13_k13_HumanoidRootPart_Torso.Parent = Torso_k13_HumanoidRootPart_Torso



-- Right Leg
local Right_Leg_k13_k13_HumanoidRootPart_Torso = Instance.new("Pose")
Right_Leg_k13_k13_HumanoidRootPart_Torso.Name = "Right Leg"
Right_Leg_k13_k13_HumanoidRootPart_Torso.CFrame = cf(21.395416, 1.844234, 73.669510, 0.962570, 0.013122, -0.270716, -0.015463, 0.999859, -0.006516, 0.270592, 0.010458, 0.962637)
Right_Leg_k13_k13_HumanoidRootPart_Torso.Parent = Torso_k13_HumanoidRootPart_Torso



-- Keyframe 14 (Time: 1.300)
local keyframe14 = Instance.new("Keyframe")
keyframe14.Time = 1.300
keyframe14.Parent = KeyframeSequence



-- HumanoidRootPart
local HumanoidRootPart_k14_HumanoidRootPart = Instance.new("Pose")
HumanoidRootPart_k14_HumanoidRootPart.Name = "HumanoidRootPart"
HumanoidRootPart_k14_HumanoidRootPart.CFrame = cf(21.037851, 3.849976, 74.149155, 0.957371, -0.000000, -0.288861, 0.000000, 1.000000, 0.000000, 0.288861, -0.000000, 0.957371)
HumanoidRootPart_k14_HumanoidRootPart.Parent = keyframe14



-- Torso
local Torso_k14_k14_HumanoidRootPart = Instance.new("Pose")
Torso_k14_k14_HumanoidRootPart.Name = "Torso"
Torso_k14_k14_HumanoidRootPart.CFrame = cf(21.037851, 3.849976, 74.149155, 0.844116, 0.000550, -0.536161, 0.000663, 0.999998, 0.002070, 0.536161, -0.002103, 0.844113)
Torso_k14_k14_HumanoidRootPart.Parent = HumanoidRootPart_k14_HumanoidRootPart



-- Head
local Head_k14_k14_HumanoidRootPart_Torso = Instance.new("Pose")
Head_k14_k14_HumanoidRootPart_Torso.Name = "Head"
Head_k14_k14_HumanoidRootPart_Torso.CFrame = cf(21.037125, 5.349951, 74.146698, 0.963230, 0.000245, -0.268676, -0.002781, 0.999955, -0.009059, 0.268662, 0.009473, 0.963188)
Head_k14_k14_HumanoidRootPart_Torso.Parent = Torso_k14_HumanoidRootPart_Torso



-- Left Arm
local Left_Arm_k14_k14_HumanoidRootPart_Torso = Instance.new("Pose")
Left_Arm_k14_k14_HumanoidRootPart_Torso.Name = "Left Arm"
Left_Arm_k14_k14_HumanoidRootPart_Torso.CFrame = cf(19.809448, 3.737360, 75.055145, 0.709511, -0.068164, -0.701390, 0.059573, 0.997550, -0.036683, 0.702172, -0.015756, 0.711833)
Left_Arm_k14_k14_HumanoidRootPart_Torso.Parent = Torso_k14_HumanoidRootPart_Torso



-- Right Arm
local Right_Arm_k14_k14_HumanoidRootPart_Torso = Instance.new("Pose")
Right_Arm_k14_k14_HumanoidRootPart_Torso.Name = "Right Arm"
Right_Arm_k14_k14_HumanoidRootPart_Torso.CFrame = cf(22.403929, 3.727425, 73.568024, 0.995933, 0.048537, -0.075913, -0.047483, 0.998750, 0.015628, 0.076576, -0.011960, 0.996992)
Right_Arm_k14_k14_HumanoidRootPart_Torso.Parent = Torso_k14_HumanoidRootPart_Torso



-- Left Leg
local Left_Leg_k14_k14_HumanoidRootPart_Torso = Instance.new("Pose")
Left_Leg_k14_k14_HumanoidRootPart_Torso.Name = "Left Leg"
Left_Leg_k14_k14_HumanoidRootPart_Torso.CFrame = cf(20.474901, 1.844345, 74.369453, 0.411533, -0.009621, -0.911344, 0.010317, 0.999929, -0.005897, 0.911336, -0.006975, 0.411604)
Left_Leg_k14_k14_HumanoidRootPart_Torso.Parent = Torso_k14_HumanoidRootPart_Torso



-- Right Leg
local Right_Leg_k14_k14_HumanoidRootPart_Torso = Instance.new("Pose")
Right_Leg_k14_k14_HumanoidRootPart_Torso.Name = "Right Leg"
Right_Leg_k14_k14_HumanoidRootPart_Torso.CFrame = cf(21.395330, 1.844293, 73.669357, 0.962523, 0.013119, -0.270882, -0.015462, 0.999859, -0.006516, 0.270759, 0.010460, 0.962591)
Right_Leg_k14_k14_HumanoidRootPart_Torso.Parent = Torso_k14_HumanoidRootPart_Torso



-- Keyframe 15 (Time: 1.400)
local keyframe15 = Instance.new("Keyframe")
